1360714200
1360714800
1360715400
1360716000
1360716600
1360717200
1360717800
1360718400
1360719000
1360719600
1360720200
1360720800
1360721400
1360722000
1360722600
1360723200
1360723800
1360724400
1360725000
1360725600
1360726200
1360726800
1360727400
1360728000
1360728600
1360729200
1360729800
1360730400
1360731000
1360731600
1360732200
1360732800
1360733400
1360734000
1360734600
1360735200
1360735800
1360736400
1360737000
1360737600
1360738200
1360738800
1360739400
1360740000
1360740600
1360741200
1360741800
1360742400
1360743000
1360743600
1360744200
1360744800
1360745400
1360746000
1360746600
1360747200
1360747800
1360748400
1360749000
1360749600
1360750200
1360750800
1360751400
1360752000
1360752600
1360753200
1360753800
1360754400
1360755000
1360755600
1360756200
1360756800
1360757400
1360758000
1360758600
1360759200
1360759800
1360760400
1360761000
1360761600
1360762200
1360762800
1360763400
1360764000
1360764600
1360765200
1360765800
1360766400
1360767000
1360767600
1360768200
1360768800
1360769400
1360770000
1360770600
1360771200
1360771800
1360772400
1360773000
1360773600
1360774200
1360774800
1360775400
1360776000
1360776600
1360777200
1360777800
1360778400
1360779000
1360779600
1360780200
1360780800
1360781400
1360782000
1360782600
1360783200
1360783800
1360784400
1360785000
1360785600
1360786200
1360786800
1360787400
1360788000
1360788600
1360789200
1360789800
1360790400
1360791000
1360791600
1360792200
1360792800
1360793400
1360794000
1360794600
1360795200
1360795800
1360796400
1360797000
1360797600
1360798200
1360798800
1360799400
1360800000
